1 9 12 15 24 
2 8 12 16 27 
1 8 12 15 23 
1 8 13 16 24 
2 8 12 15 24 
2 9 12 16 24 
2 8 12 16 24 
2 8 12 15 24 
3 7 12 16 23 
2 9 12 14 23 
3 7 12 15 23 
2 8 12 16 23 
2 7 12 14 24 
2 8 12 16 24 
3 8 12 15 22 
1 8 12 17 24 
2 8 12 14 23 
3 7 12 16 24 
2 8 11 17 25 
2 8 12 14 23 
2 7 12 17 23 
2 8 11 15 23 
2 8 12 15 24 
2 8 12 14 23 
2 8 12 17 24 
3 7 12 15 24 
2 8 11 17 23 
2 7 12 15 22 
1 8 11 16 23 
3 6 12 16 23 
3 7 12 14 23 
4 7 12 16 23 
2 8 11 15 23 
3 7 12 15 23 
2 8 12 14 23 
3 7 12 17 23 
2 8 11 16 25 
2 8 11 17 22 
2 8 12 15 23 
1 8 11 14 23 
3 7 12 15 22 
2 8 11 16 22 
3 8 11 17 22 
2 8 11 15 22 
3 8 12 15 23 
2 7 11 14 22 
2 8 11 14 23 
2 8 11 15 22 
3 7 12 14 23 
3 7 12 15 22 
2 8 11 16 22 
3 5 12 16 23 
3 7 11 14 22 
1 8 11 15 24 
2 8 11 14 23 
1 9 11 15 23 
1 8 11 16 22 
2 8 11 14 22 
1 8 10 15 23 
3 6 11 15 22 
1 8 10 14 24 
3 7 11 16 23 
2 8 10 16 21 
2 8 10 14 22 
2 8 11 14 22 
2 8 11 16 23 
2 7 10 17 21 
3 8 11 15 22 
3 7 10 18 21 
3 5 12 15 21 
2 8 11 14 22 
1 8 10 17 22 
3 7 11 14 24 
2 7 10 15 23 
2 8 10 17 23 
2 8 10 14 21 
3 7 11 15 21 
2 6 10 15 22 
2 6 10 15 23 
3 7 10 14 22 
2 7 10 15 22 
1 8 10 14 23 
2 8 10 15 21 
2 7 10 18 21 
2 7 10 16 23 
2 7 10 14 22 
2 6 10 16 22 
2 8 10 14 22 
3 7 11 15 22 
2 7 11 15 23 
2 5 10 14 24 
2 7 10 14 22 
3 7 10 14 21 
2 7 10 14 21 
2 7 10 14 22 
2 8 10 17 20 