1 11 21 28 32 40 50 59 66 74 84 92 101 111 121 
2 11 22 29 33 40 51 60 66 74 85 93 102 112 122 
3 11 21 28 34 40 50 60 67 75 86 94 103 113 123 
2 11 22 29 33 41 50 60 67 74 85 92 104 112 121 
4 11 22 29 34 41 52 60 67 76 86 92 101 114 124 
3 11 23 30 33 42 52 61 68 76 87 95 104 115 125 
5 11 22 29 32 42 50 60 66 75 85 92 101 114 125 
1 11 22 29 33 41 50 59 67 75 85 93 102 115 121 
6 11 22 30 33 41 51 60 67 75 86 95 105 112 126 
1 11 23 30 35 41 50 61 67 76 86 95 104 116 121 
2 11 22 30 33 41 51 60 67 77 87 92 104 112 122 
2 11 23 30 36 42 50 61 68 75 87 96 104 115 122 
3 12 22 29 33 41 50 61 68 75 84 92 102 114 125 
3 12 23 29 36 42 53 61 68 76 86 95 105 115 125 
3 13 22 29 36 41 52 60 69 75 85 95 104 112 125 
3 13 21 28 32 41 50 60 67 75 84 92 103 113 125 
4 13 23 29 33 41 52 61 68 77 85 95 105 111 124 
3 12 23 29 35 42 52 61 68 77 86 96 105 116 125 
5 12 22 28 33 42 50 60 68 75 85 96 104 112 127 
5 12 23 30 36 42 52 61 68 77 86 96 104 112 127 
5 12 22 28 33 42 52 61 68 75 85 92 104 112 125 
1 12 23 29 35 43 52 61 68 77 86 97 106 117 127 
5 12 24 29 34 44 54 59 66 78 85 94 103 113 127 
5 12 21 29 32 44 51 59 70 78 85 93 101 111 127 
1 12 21 28 34 44 54 59 66 78 85 92 102 114 121 
6 11 21 29 32 44 51 59 70 74 85 93 102 114 126 
2 13 24 28 32 44 54 62 70 78 84 94 101 113 122 
3 12 21 28 33 41 50 59 66 78 84 93 101 111 125 
6 11 24 28 32 40 54 62 71 79 84 93 101 111 126 
2 12 21 29 32 41 51 60 66 78 85 93 101 114 122 
1 12 22 30 33 41 50 60 66 75 88 92 101 112 121 
6 12 21 29 33 40 51 60 66 75 84 93 103 114 122 
1 11 22 29 33 40 51 59 66 78 86 93 104 115 121 
3 14 25 29 36 43 52 61 68 80 87 96 105 115 125 
7 14 26 30 35 45 55 63 69 80 87 96 105 116 124 
8 15 22 28 33 45 55 63 67 75 84 92 104 111 128 
3 14 23 29 33 42 53 61 68 77 85 95 104 115 123 
4 15 23 29 35 42 52 61 68 76 86 97 104 116 123 
7 15 27 29 37 46 56 64 72 81 89 98 102 118 129 
7 15 23 28 36 45 53 60 67 76 86 97 105 112 124 
7 14 26 29 38 47 57 65 73 77 90 95 106 118 129 
7 14 23 31 32 42 53 63 69 76 86 97 102 111 124 
7 15 25 29 33 43 55 63 69 77 86 95 104 112 124 
7 14 23 29 35 42 53 61 68 77 85 95 105 115 124 
2 13 24 28 39 44 54 62 71 78 84 99 107 119 122 
1 14 21 30 32 41 51 59 66 75 85 93 101 112 121 
1 14 24 28 34 44 54 62 70 79 85 94 103 111 121 
1 13 21 29 34 44 51 59 70 74 84 94 101 114 122 
1 14 24 29 39 40 51 62 70 78 84 94 103 119 121 
6 15 24 28 34 48 54 62 71 79 84 99 103 113 126 
2 15 21 29 34 44 50 60 70 74 85 99 103 111 121 
2 14 24 29 34 44 51 62 70 78 84 99 103 111 122 
2 15 24 28 32 44 51 62 71 79 84 93 103 113 122 
2 15 21 30 34 40 51 59 70 74 85 96 101 112 122 
6 14 24 28 33 44 51 62 70 78 85 94 101 112 126 
3 16 23 29 36 42 52 60 66 75 84 95 104 115 125 
5 17 22 28 33 41 52 60 67 77 85 97 102 112 125 
4 17 23 29 36 43 53 61 67 77 85 96 105 116 123 
7 16 23 29 36 45 53 59 66 75 85 92 102 112 124 
3 17 22 28 33 42 52 60 67 74 85 97 104 112 123 
4 17 23 30 35 43 53 60 67 77 85 95 105 117 123 
4 16 22 29 32 42 52 60 67 75 85 92 104 112 124 
4 16 23 29 33 42 53 60 67 75 86 92 104 115 124 
4 17 22 28 33 42 52 60 67 77 85 97 102 115 123 
7 16 23 29 36 42 53 61 68 76 86 95 105 112 124 
4 16 22 28 36 42 52 61 68 77 85 97 104 115 124 
3 16 21 29 32 44 51 59 70 78 84 93 101 111 125 
1 16 21 29 32 40 50 59 70 78 84 92 101 115 121 
2 16 21 29 33 44 51 59 66 74 85 92 102 112 122 
1 16 21 29 32 40 51 59 71 74 84 94 101 111 121 
3 17 22 29 32 41 50 60 66 75 85 92 101 112 123 
2 16 21 29 33 44 51 59 66 74 84 93 101 112 122 
2 16 21 30 32 40 51 59 70 74 85 93 101 112 122 
1 16 24 28 34 44 54 62 71 78 91 93 103 113 121 
1 17 21 28 32 40 51 59 66 78 84 93 101 113 121 
1 17 21 28 32 40 51 59 70 74 84 93 101 112 127 
2 16 21 29 33 40 51 59 66 77 86 93 102 112 122 
3 18 22 29 33 41 52 60 70 75 84 93 103 115 125 
3 19 21 29 33 41 52 60 70 74 84 92 101 112 125 
5 18 22 29 33 42 52 60 66 75 85 93 102 115 127 
7 18 21 28 33 41 52 59 70 75 86 93 101 115 124 
4 18 21 28 33 41 50 59 70 75 84 93 103 114 123 
5 18 22 29 36 42 52 60 66 75 85 97 104 115 127 
4 20 22 29 33 41 52 59 66 74 86 92 101 116 123 
4 20 22 29 33 41 52 59 66 74 84 93 103 114 123 
4 18 21 28 32 41 50 59 70 74 88 92 101 112 123 
1 20 21 28 33 41 50 59 66 74 84 92 102 115 127 
3 18 21 28 32 42 50 59 66 77 85 93 102 112 125 
2 15 22 29 33 41 50 60 67 75 86 93 102 115 122 
1 15 22 30 32 41 50 60 67 77 86 94 104 115 121 
5 15 22 29 33 41 52 60 66 75 85 93 101 114 125 
5 14 22 29 36 41 52 60 66 77 85 92 102 115 127 
2 15 21 29 33 41 51 59 66 75 85 93 102 112 122 
3 15 23 29 33 42 52 60 66 77 86 97 104 115 123 
2 15 22 30 33 41 50 60 66 77 86 93 101 114 122 
9 16 25 30 36 43 52 61 67 76 85 97 105 120 127 
2 13 22 30 33 41 50 60 67 75 85 92 104 112 121 
1 15 21 28 33 41 50 59 67 75 85 93 101 112 121 
5 15 21 29 32 40 50 59 70 74 84 92 101 112 127 
3 15 23 29 36 42 52 60 67 75 85 95 105 112 125 
3 15 23 30 36 42 52 60 66 75 85 92 105 112 125 
5 15 22 29 32 41 50 60 67 75 85 94 103 111 125 
5 14 22 29 32 41 50 60 67 75 85 92 102 112 125 
3 15 23 30 36 42 52 60 66 77 87 92 104 116 125 
3 14 22 29 36 42 52 60 67 78 84 93 101 114 123 
5 14 21 29 39 40 50 59 70 75 86 92 104 115 127 
5 14 23 30 33 42 53 60 67 75 85 93 102 112 125 
5 16 23 30 35 43 53 60 66 75 85 95 104 115 127 
5 14 23 30 33 43 50 60 66 77 86 95 104 116 127 
3 14 22 29 34 41 50 60 66 74 85 92 103 111 125 
5 14 22 29 33 40 50 60 67 75 85 97 102 112 125 
4 14 22 29 32 43 53 60 68 77 86 97 101 111 123 
3 15 22 29 36 41 52 60 67 75 86 95 105 117 125 
3 14 21 29 32 40 50 60 67 74 84 93 101 111 125 
4 15 22 29 33 41 50 59 67 75 84 92 101 114 123 
5 14 21 29 32 41 50 59 66 74 85 93 103 111 127 
5 15 22 29 32 40 50 60 66 75 85 93 102 112 125 
1 15 22 29 36 41 50 59 66 75 85 97 104 116 121 
4 14 22 30 33 40 50 61 68 76 86 97 104 112 123 
5 14 22 29 33 41 50 60 66 75 86 92 102 114 127 
4 16 23 30 36 42 52 61 66 75 86 97 105 116 123 
3 14 22 29 36 41 52 60 66 77 85 97 104 112 123 
1 14 21 29 32 41 51 59 67 75 85 97 102 114 127 
5 15 21 28 32 40 50 59 66 74 85 93 101 114 127 
1 15 21 28 33 41 51 59 66 74 85 97 102 114 121 
5 15 21 28 32 41 50 60 67 78 84 95 104 114 127 
4 14 22 29 33 41 50 60 67 74 85 97 104 111 123 
5 14 21 28 33 40 51 59 70 78 84 97 102 111 127 
3 14 23 30 36 42 52 60 67 75 84 97 104 112 125 
1 14 21 29 33 40 50 60 66 74 85 92 101 114 127 
5 15 22 29 32 41 50 59 66 75 85 94 103 114 127 
3 14 22 29 32 40 50 60 67 75 85 92 102 111 125 
3 15 23 30 33 42 52 60 67 75 85 97 102 114 125 
4 15 21 28 33 41 50 59 66 78 91 97 102 111 123 
3 14 22 29 32 41 50 60 66 74 85 97 104 112 123 
4 14 22 29 33 42 53 60 66 75 85 92 102 114 123 
3 13 21 29 32 40 50 59 66 78 85 92 102 111 125 
4 14 22 30 33 41 52 60 68 75 86 97 102 114 124 
3 14 22 29 34 41 50 60 66 75 85 92 101 114 125 
5 15 23 30 36 42 53 61 68 76 86 95 104 115 125 
3 14 22 29 33 41 52 60 66 77 84 93 101 113 123 
5 14 22 29 32 41 50 60 67 75 84 92 102 114 127 
3 16 21 28 33 42 50 60 66 74 85 92 101 114 125 
2 11 21 29 32 40 54 59 66 78 85 93 101 112 122 
2 11 22 30 33 41 50 60 66 74 85 92 104 112 121 
1 11 21 29 32 40 51 59 66 74 84 97 102 111 121 
5 11 23 29 36 41 52 63 69 80 87 95 104 115 125 
4 11 23 29 36 43 52 61 69 77 86 97 104 112 124 
6 11 21 29 32 40 54 59 70 78 84 99 103 113 122 
3 11 25 29 36 45 53 63 69 80 86 95 104 112 123 
2 11 21 29 32 40 51 59 66 78 91 92 102 114 122 
5 11 26 30 35 43 53 63 73 80 87 96 108 116 125 
2 11 21 29 34 44 54 62 70 74 86 94 103 111 121 
5 11 21 28 33 40 50 59 66 74 85 93 102 114 127 
3 11 23 30 33 41 52 61 67 77 86 97 102 116 125 
5 12 22 30 32 40 51 60 66 74 84 92 101 114 127 
7 12 23 29 33 42 53 61 69 77 87 95 104 115 124 
2 12 22 29 32 41 50 60 67 75 86 92 102 112 121 
1 12 24 29 32 44 54 62 71 78 84 94 108 113 121 
3 12 22 29 32 41 50 60 67 75 86 93 102 112 125 
2 12 21 29 34 40 51 59 70 74 84 94 103 113 122 
1 12 23 30 33 42 52 61 67 77 86 92 102 115 127 
1 12 22 29 36 41 50 60 68 74 85 97 104 116 121 
1 13 24 29 32 44 51 62 70 78 91 94 103 113 127 
4 13 25 29 36 43 53 61 68 76 85 97 105 112 123 
5 13 25 30 36 42 52 61 68 76 87 95 108 116 125 
3 13 21 28 33 41 50 59 66 79 84 93 102 114 125 
5 13 25 29 38 43 52 61 68 76 86 96 106 117 125 
7 13 25 29 36 45 55 63 73 77 86 95 105 115 129 
5 13 22 29 33 41 50 60 67 75 85 92 104 111 127 
6 13 21 28 32 40 51 59 70 78 85 93 101 114 126 
9 13 24 28 34 40 54 62 71 78 84 99 103 113 126 
5 13 22 29 33 41 50 60 66 74 85 92 102 114 125 
5 13 22 29 33 41 50 60 66 74 84 92 102 114 127 
3 13 25 29 35 45 55 63 69 76 86 95 109 117 123 
2 13 21 29 32 41 51 62 71 78 85 92 101 113 121 
1 13 21 28 32 40 51 59 67 75 84 92 101 113 121 
4 13 26 29 35 49 55 63 69 76 86 97 104 112 124 
3 13 22 29 33 42 50 60 68 77 86 97 104 112 125 
5 13 25 30 35 43 53 61 69 80 87 100 106 117 127 
4 13 25 30 36 43 53 61 69 80 86 95 102 115 123 
9 14 24 28 34 48 54 62 71 79 91 94 110 113 126 
1 14 21 28 32 40 51 59 70 78 84 92 102 111 121 
1 14 21 29 32 40 50 59 66 75 85 93 103 111 121 
5 14 22 30 33 41 50 59 66 75 85 93 102 114 127 
2 14 22 29 36 44 51 60 66 77 85 97 102 112 122 
3 14 25 30 35 45 55 61 69 76 86 96 105 117 125 
5 14 23 29 33 42 52 61 68 77 85 95 104 115 125 
5 14 23 29 36 43 52 60 67 76 86 95 106 115 125 
3 14 22 29 33 42 53 60 67 77 85 97 102 112 123 
1 14 21 29 32 40 51 59 70 74 84 93 101 114 121 
8 14 26 30 35 45 55 63 69 82 87 96 105 117 128 
5 14 23 29 36 42 52 60 67 75 86 97 104 115 127 
3 14 25 30 33 42 53 63 68 80 87 97 104 112 123 
3 14 21 29 32 40 50 59 67 75 85 92 101 111 125 
3 14 22 29 33 41 52 60 67 75 86 97 104 115 123 
3 14 21 29 32 41 50 59 66 75 86 92 101 111 125 
5 14 22 29 32 40 50 60 67 75 85 93 101 113 127 
2 14 21 29 33 40 51 60 66 77 85 93 104 112 122 
3 14 22 28 33 42 50 59 66 75 86 97 102 115 125 
1 14 22 29 33 42 50 60 67 75 86 92 102 112 121 
3 14 21 29 32 40 50 59 66 78 84 93 101 111 125 
4 14 23 29 33 42 53 61 69 75 86 92 102 115 124 
2 14 22 30 33 41 50 60 67 75 86 97 102 112 122 
7 14 25 29 36 49 55 61 68 77 84 97 104 111 129 
5 14 23 30 35 42 52 60 68 77 86 96 107 116 127 
7 14 21 28 33 41 52 60 66 74 84 97 104 111 124 
7 15 23 29 36 42 53 60 67 75 85 95 105 112 124 
2 15 21 29 32 41 51 59 70 78 85 92 101 114 121 
1 15 21 29 34 40 51 59 66 75 85 93 103 114 121 
2 15 24 28 32 40 51 62 71 78 84 92 102 111 122 
4 15 23 30 36 45 53 61 68 77 85 95 105 115 123 
5 15 22 29 33 41 50 60 66 75 85 93 101 112 125 
5 15 23 29 33 42 52 61 67 77 87 92 104 115 127 
5 15 22 30 33 41 50 59 66 75 84 94 101 114 125 
10 15 25 28 35 49 58 63 67 74 86 97 102 112 130 
1 15 21 29 34 40 51 59 70 74 84 92 103 114 121 
2 15 21 29 32 40 51 59 70 75 85 94 103 112 122 
3 16 23 29 36 42 52 61 68 75 85 95 104 116 123 
1 16 21 29 33 40 50 59 70 78 84 94 103 111 127 
1 16 21 29 33 41 50 59 66 75 86 92 104 115 121 
4 16 25 29 35 49 55 61 68 80 90 96 105 116 123 
1 16 21 28 33 40 50 59 67 77 85 94 101 114 121 
6 16 24 28 32 40 51 59 70 78 85 93 101 111 122 
1 16 22 29 36 42 52 60 66 74 84 97 105 116 121 
1 16 24 28 34 44 51 62 71 79 91 99 109 119 121 
1 16 22 29 33 41 50 59 66 75 85 97 102 115 127 
3 16 23 30 33 42 52 61 68 76 85 97 104 112 123 
1 16 22 29 33 42 50 60 66 74 85 97 104 115 127 
5 16 22 29 33 41 50 59 66 75 85 92 104 115 127 
1 16 21 28 32 41 50 62 70 78 84 92 101 113 121 
5 16 22 29 36 42 52 60 67 75 85 92 102 115 127 
1 17 22 29 33 41 50 60 66 75 86 92 104 114 127 
4 17 21 28 34 40 52 60 66 78 84 94 103 114 123 
4 17 21 28 36 41 52 59 70 78 84 92 102 112 123 
5 17 22 28 33 42 52 59 70 74 85 93 103 112 127 
3 17 22 29 36 42 52 60 67 77 85 92 102 115 123 
4 17 25 29 36 45 55 63 68 76 85 95 104 112 123 
1 18 21 29 33 40 51 59 67 75 85 93 102 112 121 
4 18 22 28 36 42 52 60 66 75 86 95 104 115 124 
5 18 24 28 34 40 51 62 71 79 91 94 110 113 127 
7 18 25 29 33 49 58 63 67 76 85 97 104 116 129 
4 18 25 29 35 49 55 61 68 76 86 95 104 116 124 
7 18 25 29 35 45 55 61 68 83 87 95 104 116 124 
4 18 23 29 36 45 53 60 66 75 86 92 102 112 124 
1 18 21 29 32 41 51 59 70 74 85 93 101 112 127 
4 18 23 29 36 45 53 61 68 80 85 96 106 115 124 
1 20 24 28 34 44 51 62 71 78 84 99 103 112 121 
7 20 23 29 36 43 53 61 67 77 85 95 102 117 129 
4 20 22 28 33 43 55 60 67 74 84 92 101 114 124 
4 20 22 29 33 43 53 60 66 76 85 93 104 117 123 
7 20 23 29 36 43 53 61 67 76 86 97 104 118 124 